xlow	xhigh	val	errminus	errplus
0.000000e+00	1.200000e-02	2.327273e+01	9.918734e-01	9.918734e-01
1.200000e-02	2.400000e-02	2.310784e+01	6.179099e-01	6.179099e-01
2.400000e-02	3.600000e-02	2.396817e+01	4.592241e-01	4.592241e-01
3.600000e-02	4.800000e-02	2.322340e+01	3.815337e-01	3.815337e-01
4.800000e-02	6.000000e-02	2.309150e+01	3.362126e-01	3.362126e-01
6.000000e-02	7.200000e-02	2.321760e+01	2.900819e-01	2.900819e-01
7.200000e-02	8.400000e-02	2.369694e+01	2.840655e-01	2.840655e-01
8.400000e-02	9.600000e-02	2.360692e+01	2.553124e-01	2.553124e-01
9.600000e-02	1.080000e-01	2.309241e+01	2.422833e-01	2.422833e-01
1.080000e-01	1.200000e-01	2.308635e+01	2.281484e-01	2.281484e-01
1.200000e-01	1.320000e-01	2.288638e+01	2.162277e-01	2.162277e-01
1.320000e-01	1.440000e-01	2.272331e+01	2.090553e-01	2.090553e-01
1.440000e-01	1.560000e-01	2.312472e+01	1.966637e-01	1.966637e-01
1.560000e-01	1.680000e-01	2.290844e+01	1.924015e-01	1.924015e-01
1.680000e-01	1.800000e-01	2.224089e+01	1.830732e-01	1.830732e-01
1.800000e-01	1.920000e-01	2.238221e+01	1.811914e-01	1.811914e-01
1.920000e-01	2.040000e-01	2.232163e+01	1.704568e-01	1.704568e-01
2.040000e-01	2.160000e-01	2.211317e+01	1.683600e-01	1.683600e-01
2.160000e-01	2.280000e-01	2.183277e+01	1.555075e-01	1.555075e-01
2.280000e-01	2.400000e-01	2.175446e+01	1.561357e-01	1.561357e-01
2.400000e-01	2.520000e-01	2.162216e+01	1.517954e-01	1.517954e-01
2.520000e-01	2.640000e-01	2.135719e+01	1.498991e-01	1.498991e-01
2.640000e-01	2.760000e-01	2.110087e+01	1.414908e-01	1.414908e-01
2.760000e-01	2.880000e-01	2.096858e+01	1.420067e-01	1.420067e-01
2.880000e-01	3.000000e-01	2.050998e+01	1.383597e-01	1.383597e-01
3.000000e-01	3.120000e-01	2.047552e+01	1.323985e-01	1.323985e-01
3.120000e-01	3.240000e-01	2.051020e+01	1.295886e-01	1.295886e-01
3.240000e-01	3.360000e-01	1.991046e+01	1.259212e-01	1.259212e-01
3.360000e-01	3.480000e-01	1.987315e+01	1.246463e-01	1.246463e-01
3.480000e-01	3.600000e-01	1.968086e+01	1.195741e-01	1.195741e-01
3.600000e-01	3.720000e-01	1.928747e+01	1.181209e-01	1.181209e-01
3.720000e-01	3.840000e-01	1.900782e+01	1.166710e-01	1.166710e-01
3.840000e-01	3.960000e-01	1.885491e+01	1.165441e-01	1.165441e-01
3.960000e-01	4.080000e-01	1.847349e+01	1.092186e-01	1.092186e-01
4.080000e-01	4.200000e-01	1.837508e+01	1.056458e-01	1.056458e-01
4.200000e-01	4.320000e-01	1.811192e+01	1.058484e-01	1.058484e-01
4.320000e-01	4.440000e-01	1.772794e+01	1.041139e-01	1.041139e-01
4.440000e-01	4.560000e-01	1.740640e+01	9.975204e-02	9.975204e-02
4.560000e-01	4.680000e-01	1.724867e+01	9.683105e-02	9.683105e-02
4.680000e-01	4.800000e-01	1.686335e+01	9.523701e-02	9.523701e-02
4.800000e-01	4.920000e-01	1.679697e+01	9.653183e-02	9.653183e-02
4.920000e-01	5.040000e-01	1.653098e+01	9.180363e-02	9.180363e-02
5.040000e-01	5.160000e-01	1.613936e+01	9.217827e-02	9.217827e-02
5.160000e-01	5.280000e-01	1.602543e+01	9.111018e-02	9.111018e-02
5.280000e-01	5.400000e-01	1.567581e+01	8.737590e-02	8.737590e-02
5.400000e-01	5.520000e-01	1.527110e+01	8.804548e-02	8.804548e-02
5.520000e-01	5.640000e-01	1.488790e+01	8.361300e-02	8.361300e-02
5.640000e-01	5.760000e-01	1.484949e+01	8.537839e-02	8.537839e-02
5.760000e-01	5.880000e-01	1.453264e+01	8.201536e-02	8.201536e-02
5.880000e-01	6.000000e-01	1.411623e+01	8.023075e-02	8.023075e-02
6.000000e-01	6.120000e-01	1.385364e+01	7.907973e-02	7.907973e-02
6.120000e-01	6.240000e-01	1.369587e+01	7.747092e-02	7.747092e-02
6.240000e-01	6.360000e-01	1.331901e+01	7.463770e-02	7.463770e-02
6.360000e-01	6.480000e-01	1.301571e+01	7.318229e-02	7.318229e-02
6.480000e-01	6.600000e-01	1.280666e+01	7.158646e-02	7.158646e-02
6.600000e-01	6.720000e-01	1.262539e+01	7.080101e-02	7.080101e-02
6.720000e-01	6.840000e-01	1.227099e+01	6.891943e-02	6.891943e-02
6.840000e-01	6.960000e-01	1.194074e+01	6.759507e-02	6.759507e-02
6.960000e-01	7.080000e-01	1.163049e+01	6.660622e-02	6.660622e-02
7.080000e-01	7.200000e-01	1.148868e+01	6.542439e-02	6.542439e-02
7.200000e-01	7.320000e-01	1.125338e+01	6.483101e-02	6.483101e-02
7.320000e-01	7.440000e-01	1.094459e+01	6.330319e-02	6.330319e-02
7.440000e-01	7.560000e-01	1.065557e+01	6.222430e-02	6.222430e-02
7.560000e-01	7.680000e-01	1.034622e+01	6.077885e-02	6.077885e-02
7.680000e-01	7.800000e-01	1.014290e+01	5.898675e-02	5.898675e-02
7.800000e-01	7.920000e-01	9.971953e+00	5.855109e-02	5.855109e-02
7.920000e-01	8.040000e-01	9.621665e+00	5.601515e-02	5.601515e-02
8.040000e-01	8.160000e-01	9.440439e+00	5.606201e-02	5.606201e-02
8.160000e-01	8.280000e-01	9.136706e+00	5.453700e-02	5.453700e-02
8.280000e-01	8.400000e-01	8.961975e+00	5.280383e-02	5.280383e-02
8.400000e-01	8.520000e-01	8.732968e+00	5.289371e-02	5.289371e-02
8.520000e-01	8.640000e-01	8.586340e+00	5.213364e-02	5.213364e-02
8.640000e-01	8.760000e-01	8.195633e+00	5.024907e-02	5.024907e-02
8.760000e-01	8.880000e-01	8.000000e+00	4.950809e-02	4.950809e-02
8.880000e-01	9.000000e-01	7.844136e+00	4.880758e-02	4.880758e-02
9.000000e-01	9.120000e-01	7.596600e+00	4.715373e-02	4.715373e-02
9.120000e-01	9.240000e-01	7.309117e+00	4.675214e-02	4.675214e-02
9.240000e-01	9.360000e-01	7.145110e+00	4.538236e-02	4.538236e-02
9.360000e-01	9.480000e-01	6.960011e+00	4.395537e-02	4.395537e-02
9.480000e-01	9.600000e-01	6.855082e+00	4.411552e-02	4.411552e-02
9.600000e-01	9.720000e-01	6.586575e+00	4.212924e-02	4.212924e-02
9.720000e-01	9.840000e-01	6.469618e+00	4.173305e-02	4.173305e-02
9.840000e-01	9.960000e-01	6.256305e+00	4.099253e-02	4.099253e-02
9.960000e-01	1.008000e+00	6.112490e+00	4.100617e-02	4.100617e-02
1.008000e+00	1.020000e+00	5.933676e+00	3.946088e-02	3.946088e-02
1.020000e+00	1.032000e+00	5.793560e+00	3.896986e-02	3.896986e-02
1.032000e+00	1.044000e+00	5.573061e+00	3.779484e-02	3.779484e-02
1.044000e+00	1.056000e+00	5.459375e+00	3.740978e-02	3.740978e-02
1.056000e+00	1.068000e+00	5.385167e+00	3.681883e-02	3.681883e-02
1.068000e+00	1.080000e+00	5.192193e+00	3.683285e-02	3.683285e-02
1.080000e+00	1.092000e+00	5.057838e+00	3.580312e-02	3.580312e-02
1.092000e+00	1.104000e+00	4.920150e+00	3.453948e-02	3.453948e-02
1.104000e+00	1.116000e+00	4.871330e+00	3.449609e-02	3.449609e-02
1.116000e+00	1.128000e+00	4.672650e+00	3.360376e-02	3.360376e-02
1.128000e+00	1.140000e+00	4.542453e+00	3.275759e-02	3.275759e-02
1.140000e+00	1.152000e+00	4.495507e+00	3.291966e-02	3.291966e-02
1.152000e+00	1.164000e+00	4.344821e+00	3.199946e-02	3.199946e-02
1.164000e+00	1.176000e+00	4.256417e+00	3.194448e-02	3.194448e-02
1.176000e+00	1.188000e+00	4.186916e+00	3.117065e-02	3.117065e-02
1.188000e+00	1.200000e+00	4.077116e+00	3.082654e-02	3.082654e-02
1.200000e+00	1.212000e+00	3.984191e+00	3.050379e-02	3.050379e-02
1.212000e+00	1.224000e+00	3.873201e+00	3.000940e-02	3.000940e-02
1.224000e+00	1.236000e+00	3.845443e+00	3.006669e-02	3.006669e-02
1.236000e+00	1.248000e+00	3.759688e+00	2.909652e-02	2.909652e-02
1.248000e+00	1.260000e+00	3.763158e+00	3.024600e-02	3.024600e-02
1.260000e+00	1.272000e+00	3.656845e+00	2.944310e-02	2.944310e-02
1.272000e+00	1.284000e+00	3.553488e+00	2.894937e-02	2.894937e-02
1.284000e+00	1.296000e+00	3.522317e+00	2.951803e-02	2.951803e-02
1.296000e+00	1.308000e+00	3.457152e+00	2.927133e-02	2.927133e-02
1.308000e+00	1.320000e+00	3.427801e+00	2.873926e-02	2.873926e-02
1.320000e+00	1.332000e+00	3.365410e+00	2.802056e-02	2.802056e-02
1.332000e+00	1.344000e+00	3.315319e+00	2.852149e-02	2.852149e-02
1.344000e+00	1.356000e+00	3.270716e+00	2.876974e-02	2.876974e-02
1.356000e+00	1.368000e+00	3.246377e+00	2.905747e-02	2.905747e-02
1.368000e+00	1.380000e+00	3.240594e+00	2.988586e-02	2.988586e-02
1.380000e+00	1.392000e+00	3.141637e+00	2.776958e-02	2.776958e-02
1.392000e+00	1.404000e+00	3.132781e+00	2.926990e-02	2.926990e-02
1.404000e+00	1.416000e+00	3.150797e+00	2.935828e-02	2.935828e-02
1.416000e+00	1.428000e+00	3.072519e+00	2.914625e-02	2.914625e-02
1.428000e+00	1.440000e+00	3.040604e+00	2.988543e-02	2.988543e-02
1.440000e+00	1.452000e+00	2.932791e+00	2.893353e-02	2.893353e-02
1.452000e+00	1.464000e+00	2.997232e+00	3.082728e-02	3.082728e-02
1.464000e+00	1.476000e+00	2.986886e+00	3.129099e-02	3.129099e-02
1.476000e+00	1.488000e+00	2.976378e+00	3.069836e-02	3.069836e-02
1.488000e+00	1.500000e+00	2.891604e+00	3.040437e-02	3.040437e-02
1.500000e+00	1.512000e+00	2.913727e+00	3.090718e-02	3.090718e-02
1.512000e+00	1.524000e+00	2.843278e+00	3.186968e-02	3.186968e-02
1.524000e+00	1.536000e+00	2.826596e+00	3.151313e-02	3.151313e-02
1.536000e+00	1.548000e+00	2.853592e+00	3.347600e-02	3.347600e-02
1.548000e+00	1.560000e+00	2.822829e+00	3.414738e-02	3.414738e-02
1.560000e+00	1.572000e+00	2.846888e+00	3.340528e-02	3.340528e-02
1.572000e+00	1.584000e+00	2.782153e+00	3.369141e-02	3.369141e-02
1.584000e+00	1.596000e+00	2.728822e+00	3.360582e-02	3.360582e-02
1.596000e+00	1.608000e+00	2.750324e+00	3.445741e-02	3.445741e-02
1.608000e+00	1.620000e+00	2.749723e+00	3.595896e-02	3.595896e-02
1.620000e+00	1.632000e+00	2.775906e+00	3.719213e-02	3.719213e-02
1.632000e+00	1.644000e+00	2.768373e+00	3.816839e-02	3.816839e-02
1.644000e+00	1.656000e+00	2.677955e+00	3.909029e-02	3.909029e-02
1.656000e+00	1.668000e+00	2.705348e+00	3.963429e-02	3.963429e-02
1.668000e+00	1.680000e+00	2.676388e+00	3.857590e-02	3.857590e-02
1.680000e+00	1.692000e+00	2.697164e+00	4.139664e-02	4.139664e-02
1.692000e+00	1.704000e+00	2.647557e+00	4.117789e-02	4.117789e-02
1.704000e+00	1.716000e+00	2.765879e+00	4.404014e-02	4.404014e-02
1.716000e+00	1.728000e+00	2.678261e+00	4.370443e-02	4.370443e-02
1.728000e+00	1.740000e+00	2.719701e+00	4.583860e-02	4.583860e-02
1.740000e+00	1.752000e+00	2.738037e+00	4.589962e-02	4.589962e-02
1.752000e+00	1.764000e+00	2.658084e+00	4.816613e-02	4.816613e-02
1.764000e+00	1.776000e+00	2.617581e+00	4.991770e-02	4.991770e-02
1.776000e+00	1.788000e+00	2.737104e+00	5.062080e-02	5.062080e-02
1.788000e+00	1.800000e+00	2.660450e+00	5.331472e-02	5.331472e-02
1.800000e+00	1.812000e+00	2.663468e+00	5.047886e-02	5.047886e-02
1.812000e+00	1.824000e+00	2.569358e+00	5.372156e-02	5.372156e-02
1.824000e+00	1.836000e+00	2.592166e+00	6.013952e-02	6.013952e-02
1.836000e+00	1.848000e+00	2.585460e+00	5.676939e-02	5.676939e-02
1.848000e+00	1.860000e+00	2.585626e+00	6.068612e-02	6.068612e-02
1.860000e+00	1.872000e+00	2.555241e+00	6.199004e-02	6.199004e-02
1.872000e+00	1.884000e+00	2.575066e+00	5.502371e-02	5.502371e-02
1.884000e+00	1.896000e+00	2.494289e+00	6.229193e-02	6.229193e-02
1.896000e+00	1.908000e+00	2.600437e+00	6.959722e-02	6.959722e-02
1.908000e+00	1.920000e+00	2.558962e+00	6.717433e-02	6.717433e-02
1.920000e+00	1.932000e+00	2.590751e+00	6.536467e-02	6.536467e-02
1.932000e+00	1.944000e+00	2.453939e+00	7.086702e-02	7.086702e-02
1.944000e+00	1.956000e+00	2.675250e+00	7.531134e-02	7.531134e-02
1.956000e+00	1.968000e+00	2.725000e+00	8.262019e-02	8.262019e-02
1.968000e+00	1.980000e+00	2.578947e+00	7.141668e-02	7.141668e-02
1.980000e+00	1.992000e+00	2.639640e+00	8.295624e-02	8.295624e-02
1.992000e+00	2.004000e+00	2.660211e+00	8.420294e-02	8.420294e-02
2.004000e+00	2.016000e+00	2.628405e+00	1.016028e-01	1.016028e-01
2.016000e+00	2.028000e+00	2.558522e+00	8.754793e-02	8.754793e-02
2.028000e+00	2.040000e+00	2.558824e+00	1.023813e-01	1.023813e-01
2.040000e+00	2.052000e+00	2.610966e+00	1.036903e-01	1.036903e-01
2.052000e+00	2.064000e+00	2.578035e+00	1.102288e-01	1.102288e-01
2.064000e+00	2.076000e+00	2.698895e+00	1.084915e-01	1.084915e-01
2.076000e+00	2.088000e+00	2.466238e+00	1.212508e-01	1.212508e-01
2.088000e+00	2.100000e+00	2.735016e+00	1.075060e-01	1.075060e-01
2.100000e+00	2.112000e+00	2.651568e+00	1.280155e-01	1.280155e-01
2.112000e+00	2.124000e+00	2.468750e+00	1.143603e-01	1.143603e-01
2.124000e+00	2.136000e+00	2.556075e+00	1.439725e-01	1.439725e-01
2.136000e+00	2.148000e+00	2.685000e+00	1.597073e-01	1.597073e-01
2.148000e+00	2.160000e+00	2.369792e+00	1.298938e-01	1.298938e-01
2.160000e+00	2.172000e+00	2.517949e+00	1.490730e-01	1.490730e-01
2.172000e+00	2.184000e+00	2.651163e+00	1.443752e-01	1.443752e-01
2.184000e+00	2.196000e+00	2.503226e+00	1.583784e-01	1.583784e-01
2.196000e+00	2.208000e+00	2.441558e+00	1.350875e-01	1.350875e-01
2.208000e+00	2.220000e+00	2.251908e+00	1.530061e-01	1.530061e-01
2.220000e+00	2.232000e+00	2.614286e+00	1.502262e-01	1.502262e-01
2.232000e+00	2.244000e+00	2.640288e+00	1.750842e-01	1.750842e-01
2.244000e+00	2.256000e+00	2.152174e+00	2.061725e-01	2.061725e-01
2.256000e+00	2.268000e+00	2.423077e+00	1.710423e-01	1.710423e-01
2.268000e+00	2.280000e+00	2.687500e+00	2.500593e-01	2.500593e-01
2.280000e+00	2.292000e+00	2.611650e+00	2.111642e-01	2.111642e-01
2.292000e+00	2.304000e+00	2.709677e+00	2.695425e-01	2.695425e-01
2.304000e+00	2.316000e+00	2.390805e+00	1.888048e-01	1.888048e-01
2.316000e+00	2.328000e+00	2.650000e+00	3.151764e-01	3.151764e-01
2.328000e+00	2.340000e+00	2.088235e+00	2.432001e-01	2.432001e-01
2.340000e+00	2.352000e+00	2.509804e+00	2.479288e-01	2.479288e-01
2.352000e+00	2.364000e+00	2.419355e+00	2.802775e-01	2.802775e-01
2.364000e+00	2.376000e+00	2.600000e+00	2.386833e-01	2.386833e-01
2.376000e+00	2.388000e+00	2.439024e+00	2.922761e-01	2.922761e-01
2.388000e+00	2.400000e+00	2.628571e+00	3.151249e-01	3.151249e-01
2.400000e+00	2.412000e+00	2.300000e+00	2.356210e-01	2.356210e-01
2.412000e+00	2.424000e+00	2.375000e+00	3.470788e-01	3.470788e-01
2.424000e+00	2.436000e+00	2.437500e+00	3.673617e-01	3.673617e-01
2.436000e+00	2.448000e+00	2.269231e+00	2.858601e-01	2.858601e-01
2.448000e+00	2.460000e+00	1.850000e+00	3.574397e-01	3.574397e-01
2.460000e+00	2.472000e+00	2.347826e+00	3.478261e-01	3.478261e-01
2.472000e+00	2.484000e+00	2.391304e+00	3.913043e-01	3.913043e-01
2.484000e+00	2.496000e+00	2.300000e+00	3.634629e-01	3.634629e-01
2.496000e+00	2.508000e+00	2.631579e+00	3.437880e-01	3.437880e-01
2.508000e+00	2.520000e+00	3.187500e+00	6.596637e-01	6.596637e-01
2.520000e+00	2.532000e+00	2.555556e+00	4.370297e-01	4.370297e-01
2.532000e+00	2.544000e+00	2.583333e+00	4.344682e-01	4.344682e-01
2.544000e+00	2.556000e+00	1.875000e+00	4.406772e-01	4.406772e-01
2.556000e+00	2.568000e+00	2.777778e+00	5.957670e-01	5.957670e-01
2.568000e+00	2.580000e+00	2.333333e+00	5.745944e-01	5.745944e-01
2.580000e+00	2.592000e+00	2.375000e+00	5.324304e-01	5.324304e-01
2.592000e+00	2.604000e+00	2.250000e+00	5.900968e-01	5.900968e-01
2.604000e+00	2.616000e+00	2.714286e+00	5.654449e-01	5.654449e-01
2.616000e+00	2.628000e+00	2.400000e+00	7.483315e-01	7.483315e-01
2.628000e+00	2.640000e+00	2.428571e+00	6.494372e-01	6.494372e-01
2.640000e+00	2.652000e+00	2.500000e+00	1.554563e+00	1.554563e+00
2.652000e+00	2.664000e+00	4.250000e+00	1.108678e+00	1.108678e+00
2.664000e+00	2.676000e+00	1.857143e+00	3.400680e-01	3.400680e-01
2.676000e+00	2.688000e+00	2.000000e+00	4.082483e-01	4.082483e-01
2.688000e+00	2.700000e+00	1.000000e+00	1.000000e+00	1.000000e+00
2.700000e+00	2.712000e+00	1.500000e+00	4.013865e-01	4.013865e-01
2.712000e+00	2.724000e+00	6.000000e+00	nan	nan
2.724000e+00	2.736000e+00	nan	nan	nan
2.736000e+00	2.748000e+00	2.000000e+00	1.000000e+00	1.000000e+00
2.748000e+00	2.760000e+00	4.000000e+00	nan	nan
2.760000e+00	2.772000e+00	8.000000e-01	3.741657e-01	3.741657e-01
2.772000e+00	2.784000e+00	4.000000e+00	0.000000e+00	0.000000e+00
2.784000e+00	2.796000e+00	1.666667e+00	3.333333e-01	3.333333e-01
2.796000e+00	2.808000e+00	2.000000e+00	0.000000e+00	0.000000e+00
2.808000e+00	2.820000e+00	3.333333e+00	1.201850e+00	1.201850e+00
2.820000e+00	2.832000e+00	3.000000e+00	nan	nan
2.832000e+00	2.844000e+00	5.000000e+00	1.290994e+00	1.290994e+00
2.844000e+00	2.856000e+00	2.000000e+00	8.366600e-01	8.366600e-01
2.856000e+00	2.868000e+00	3.000000e+00	8.164966e-01	8.164966e-01
2.868000e+00	2.880000e+00	nan	nan	nan
2.880000e+00	2.892000e+00	3.500000e+00	1.500000e+00	1.500000e+00
2.892000e+00	2.904000e+00	nan	nan	nan
2.904000e+00	2.916000e+00	0.000000e+00	nan	nan
2.916000e+00	2.928000e+00	5.000000e+00	nan	nan
2.928000e+00	2.940000e+00	3.000000e+00	nan	nan
2.940000e+00	2.952000e+00	2.500000e+00	5.000000e-01	5.000000e-01
2.952000e+00	2.964000e+00	1.000000e+00	nan	nan
2.964000e+00	2.976000e+00	nan	nan	nan
2.976000e+00	2.988000e+00	nan	nan	nan
2.988000e+00	3.000000e+00	1.000000e+00	nan	nan