xlow	xhigh	val	errminus	errplus
0.000000e+00	1.200000e-02	2.525974e+01	1.095321e+00	1.095321e+00
1.200000e-02	2.400000e-02	2.532843e+01	6.605107e-01	6.605107e-01
2.400000e-02	3.600000e-02	2.615119e+01	4.958088e-01	4.958088e-01
3.600000e-02	4.800000e-02	2.531277e+01	4.077629e-01	4.077629e-01
4.800000e-02	6.000000e-02	2.517647e+01	3.622341e-01	3.622341e-01
6.000000e-02	7.200000e-02	2.523900e+01	3.109349e-01	3.109349e-01
7.200000e-02	8.400000e-02	2.585996e+01	3.037093e-01	3.037093e-01
8.400000e-02	9.600000e-02	2.572975e+01	2.764096e-01	2.764096e-01
9.600000e-02	1.080000e-01	2.515347e+01	2.596470e-01	2.596470e-01
1.080000e-01	1.200000e-01	2.515189e+01	2.458149e-01	2.458149e-01
1.200000e-01	1.320000e-01	2.483654e+01	2.329730e-01	2.329730e-01
1.320000e-01	1.440000e-01	2.471840e+01	2.236845e-01	2.236845e-01
1.440000e-01	1.560000e-01	2.514278e+01	2.112102e-01	2.112102e-01
1.560000e-01	1.680000e-01	2.490639e+01	2.049013e-01	2.049013e-01
1.680000e-01	1.800000e-01	2.420447e+01	1.969574e-01	1.969574e-01
1.800000e-01	1.920000e-01	2.440634e+01	1.953457e-01	1.953457e-01
1.920000e-01	2.040000e-01	2.424754e+01	1.833664e-01	1.833664e-01
2.040000e-01	2.160000e-01	2.410028e+01	1.821004e-01	1.821004e-01
2.160000e-01	2.280000e-01	2.374220e+01	1.674914e-01	1.674914e-01
2.280000e-01	2.400000e-01	2.369236e+01	1.679224e-01	1.679224e-01
2.400000e-01	2.520000e-01	2.349712e+01	1.630016e-01	1.630016e-01
2.520000e-01	2.640000e-01	2.322170e+01	1.611255e-01	1.611255e-01
2.640000e-01	2.760000e-01	2.298700e+01	1.508096e-01	1.508096e-01
2.760000e-01	2.880000e-01	2.279020e+01	1.530505e-01	1.530505e-01
2.880000e-01	3.000000e-01	2.229419e+01	1.483277e-01	1.483277e-01
3.000000e-01	3.120000e-01	2.225984e+01	1.418108e-01	1.418108e-01
3.120000e-01	3.240000e-01	2.234270e+01	1.399833e-01	1.399833e-01
3.240000e-01	3.360000e-01	2.164107e+01	1.360594e-01	1.360594e-01
3.360000e-01	3.480000e-01	2.161010e+01	1.337646e-01	1.337646e-01
3.480000e-01	3.600000e-01	2.141086e+01	1.287360e-01	1.287360e-01
3.600000e-01	3.720000e-01	2.099931e+01	1.272480e-01	1.272480e-01
3.720000e-01	3.840000e-01	2.067203e+01	1.254075e-01	1.254075e-01
3.840000e-01	3.960000e-01	2.051415e+01	1.249921e-01	1.249921e-01
3.960000e-01	4.080000e-01	2.010230e+01	1.176698e-01	1.176698e-01
4.080000e-01	4.200000e-01	1.997657e+01	1.135504e-01	1.135504e-01
4.200000e-01	4.320000e-01	1.968559e+01	1.138917e-01	1.138917e-01
4.320000e-01	4.440000e-01	1.925553e+01	1.112667e-01	1.112667e-01
4.440000e-01	4.560000e-01	1.892832e+01	1.072319e-01	1.072319e-01
4.560000e-01	4.680000e-01	1.871118e+01	1.038145e-01	1.038145e-01
4.680000e-01	4.800000e-01	1.832878e+01	1.022251e-01	1.022251e-01
4.800000e-01	4.920000e-01	1.824110e+01	1.036170e-01	1.036170e-01
4.920000e-01	5.040000e-01	1.796118e+01	9.865836e-02	9.865836e-02
5.040000e-01	5.160000e-01	1.753250e+01	9.904623e-02	9.904623e-02
5.160000e-01	5.280000e-01	1.739583e+01	9.800990e-02	9.800990e-02
5.280000e-01	5.400000e-01	1.702257e+01	9.380916e-02	9.380916e-02
5.400000e-01	5.520000e-01	1.660267e+01	9.409261e-02	9.409261e-02
5.520000e-01	5.640000e-01	1.616883e+01	8.982551e-02	8.982551e-02
5.640000e-01	5.760000e-01	1.609037e+01	9.142020e-02	9.142020e-02
5.760000e-01	5.880000e-01	1.576308e+01	8.786190e-02	8.786190e-02
5.880000e-01	6.000000e-01	1.531577e+01	8.606902e-02	8.606902e-02
6.000000e-01	6.120000e-01	1.500732e+01	8.466280e-02	8.466280e-02
6.120000e-01	6.240000e-01	1.486601e+01	8.350830e-02	8.350830e-02
6.240000e-01	6.360000e-01	1.444858e+01	8.016683e-02	8.016683e-02
6.360000e-01	6.480000e-01	1.410733e+01	7.833448e-02	7.833448e-02
6.480000e-01	6.600000e-01	1.391738e+01	7.683392e-02	7.683392e-02
6.600000e-01	6.720000e-01	1.366459e+01	7.596747e-02	7.596747e-02
6.720000e-01	6.840000e-01	1.329109e+01	7.380758e-02	7.380758e-02
6.840000e-01	6.960000e-01	1.293707e+01	7.261358e-02	7.261358e-02
6.960000e-01	7.080000e-01	1.262500e+01	7.165358e-02	7.165358e-02
7.080000e-01	7.200000e-01	1.244563e+01	7.013475e-02	7.013475e-02
7.200000e-01	7.320000e-01	1.220606e+01	6.948429e-02	6.948429e-02
7.320000e-01	7.440000e-01	1.186751e+01	6.801215e-02	6.801215e-02
7.440000e-01	7.560000e-01	1.154602e+01	6.691134e-02	6.691134e-02
7.560000e-01	7.680000e-01	1.119916e+01	6.497368e-02	6.497368e-02
7.680000e-01	7.800000e-01	1.099737e+01	6.328295e-02	6.328295e-02
7.800000e-01	7.920000e-01	1.077845e+01	6.250863e-02	6.250863e-02
7.920000e-01	8.040000e-01	1.040013e+01	6.000507e-02	6.000507e-02
8.040000e-01	8.160000e-01	1.020251e+01	5.998948e-02	5.998948e-02
8.160000e-01	8.280000e-01	9.893290e+00	5.851469e-02	5.851469e-02
8.280000e-01	8.400000e-01	9.691619e+00	5.652333e-02	5.652333e-02
8.400000e-01	8.520000e-01	9.441434e+00	5.672465e-02	5.672465e-02
8.520000e-01	8.640000e-01	9.281721e+00	5.567999e-02	5.567999e-02
8.640000e-01	8.760000e-01	8.862898e+00	5.379079e-02	5.379079e-02
8.760000e-01	8.880000e-01	8.653384e+00	5.312083e-02	5.312083e-02
8.880000e-01	9.000000e-01	8.475156e+00	5.216984e-02	5.216984e-02
9.000000e-01	9.120000e-01	8.206307e+00	5.059302e-02	5.059302e-02
9.120000e-01	9.240000e-01	7.909589e+00	5.028068e-02	5.028068e-02
9.240000e-01	9.360000e-01	7.723789e+00	4.863067e-02	4.863067e-02
9.360000e-01	9.480000e-01	7.517295e+00	4.712025e-02	4.712025e-02
9.480000e-01	9.600000e-01	7.413661e+00	4.714592e-02	4.714592e-02
9.600000e-01	9.720000e-01	7.106205e+00	4.496229e-02	4.496229e-02
9.720000e-01	9.840000e-01	6.976847e+00	4.449930e-02	4.449930e-02
9.840000e-01	9.960000e-01	6.747273e+00	4.387438e-02	4.387438e-02
9.960000e-01	1.008000e+00	6.585829e+00	4.385972e-02	4.385972e-02
1.008000e+00	1.020000e+00	6.414590e+00	4.222347e-02	4.222347e-02
1.020000e+00	1.032000e+00	6.249430e+00	4.161618e-02	4.161618e-02
1.032000e+00	1.044000e+00	6.032462e+00	4.060206e-02	4.060206e-02
1.044000e+00	1.056000e+00	5.893403e+00	4.003756e-02	4.003756e-02
1.056000e+00	1.068000e+00	5.805255e+00	3.936714e-02	3.936714e-02
1.068000e+00	1.080000e+00	5.604123e+00	3.930804e-02	3.930804e-02
1.080000e+00	1.092000e+00	5.460089e+00	3.822386e-02	3.822386e-02
1.092000e+00	1.104000e+00	5.300162e+00	3.680898e-02	3.680898e-02
1.104000e+00	1.116000e+00	5.257945e+00	3.687587e-02	3.687587e-02
1.116000e+00	1.128000e+00	5.039009e+00	3.588127e-02	3.588127e-02
1.128000e+00	1.140000e+00	4.899491e+00	3.499667e-02	3.499667e-02
1.140000e+00	1.152000e+00	4.850013e+00	3.510035e-02	3.510035e-02
1.152000e+00	1.164000e+00	4.684770e+00	3.412874e-02	3.412874e-02
1.164000e+00	1.176000e+00	4.582327e+00	3.402203e-02	3.402203e-02
1.176000e+00	1.188000e+00	4.506260e+00	3.326577e-02	3.326577e-02
1.188000e+00	1.200000e+00	4.394245e+00	3.293340e-02	3.293340e-02
1.200000e+00	1.212000e+00	4.291693e+00	3.240779e-02	3.240779e-02
1.212000e+00	1.224000e+00	4.170074e+00	3.200721e-02	3.200721e-02
1.224000e+00	1.236000e+00	4.129226e+00	3.206072e-02	3.206072e-02
1.236000e+00	1.248000e+00	4.046543e+00	3.083617e-02	3.083617e-02
1.248000e+00	1.260000e+00	4.044756e+00	3.207950e-02	3.207950e-02
1.260000e+00	1.272000e+00	3.942349e+00	3.146286e-02	3.146286e-02
1.272000e+00	1.284000e+00	3.823067e+00	3.071741e-02	3.071741e-02
1.284000e+00	1.296000e+00	3.792921e+00	3.140215e-02	3.140215e-02
1.296000e+00	1.308000e+00	3.716438e+00	3.111011e-02	3.111011e-02
1.308000e+00	1.320000e+00	3.686131e+00	3.060479e-02	3.060479e-02
1.320000e+00	1.332000e+00	3.623801e+00	2.986439e-02	2.986439e-02
1.332000e+00	1.344000e+00	3.568334e+00	3.022408e-02	3.022408e-02
1.344000e+00	1.356000e+00	3.526919e+00	3.057214e-02	3.057214e-02
1.356000e+00	1.368000e+00	3.497947e+00	3.078213e-02	3.078213e-02
1.368000e+00	1.380000e+00	3.482673e+00	3.177531e-02	3.177531e-02
1.380000e+00	1.392000e+00	3.385911e+00	2.941461e-02	2.941461e-02
1.392000e+00	1.404000e+00	3.373339e+00	3.111944e-02	3.111944e-02
1.404000e+00	1.416000e+00	3.388643e+00	3.109064e-02	3.109064e-02
1.416000e+00	1.428000e+00	3.316112e+00	3.106855e-02	3.106855e-02
1.428000e+00	1.440000e+00	3.276535e+00	3.167182e-02	3.167182e-02
1.440000e+00	1.452000e+00	3.156921e+00	3.072933e-02	3.072933e-02
1.452000e+00	1.464000e+00	3.229740e+00	3.255812e-02	3.255812e-02
1.464000e+00	1.476000e+00	3.218834e+00	3.300437e-02	3.300437e-02
1.476000e+00	1.488000e+00	3.195046e+00	3.236556e-02	3.236556e-02
1.488000e+00	1.500000e+00	3.119567e+00	3.211967e-02	3.211967e-02
1.500000e+00	1.512000e+00	3.129044e+00	3.276377e-02	3.276377e-02
1.512000e+00	1.524000e+00	3.061745e+00	3.368276e-02	3.368276e-02
1.524000e+00	1.536000e+00	3.038664e+00	3.314029e-02	3.314029e-02
1.536000e+00	1.548000e+00	3.066568e+00	3.533612e-02	3.533612e-02
1.548000e+00	1.560000e+00	3.027986e+00	3.590694e-02	3.590694e-02
1.560000e+00	1.572000e+00	3.056565e+00	3.533227e-02	3.533227e-02
1.572000e+00	1.584000e+00	2.994408e+00	3.550602e-02	3.550602e-02
1.584000e+00	1.596000e+00	2.929406e+00	3.543746e-02	3.543746e-02
1.596000e+00	1.608000e+00	2.956398e+00	3.632954e-02	3.632954e-02
1.608000e+00	1.620000e+00	2.961560e+00	3.819069e-02	3.819069e-02
1.620000e+00	1.632000e+00	2.987439e+00	3.913205e-02	3.913205e-02
1.632000e+00	1.644000e+00	2.976807e+00	4.036664e-02	4.036664e-02
1.644000e+00	1.656000e+00	2.884984e+00	4.070917e-02	4.070917e-02
1.656000e+00	1.668000e+00	2.911537e+00	4.196423e-02	4.196423e-02
1.668000e+00	1.680000e+00	2.874209e+00	4.057628e-02	4.057628e-02
1.680000e+00	1.692000e+00	2.885444e+00	4.331729e-02	4.331729e-02
1.692000e+00	1.704000e+00	2.857638e+00	4.344630e-02	4.344630e-02
1.704000e+00	1.716000e+00	2.966612e+00	4.675258e-02	4.675258e-02
1.716000e+00	1.728000e+00	2.878696e+00	4.607883e-02	4.607883e-02
1.728000e+00	1.740000e+00	2.926533e+00	4.837406e-02	4.837406e-02
1.740000e+00	1.752000e+00	2.943266e+00	4.854638e-02	4.854638e-02
1.752000e+00	1.764000e+00	2.866632e+00	5.098489e-02	5.098489e-02
1.764000e+00	1.776000e+00	2.818029e+00	5.239506e-02	5.239506e-02
1.776000e+00	1.788000e+00	2.957738e+00	5.370085e-02	5.370085e-02
1.788000e+00	1.800000e+00	2.861736e+00	5.636543e-02	5.636543e-02
1.800000e+00	1.812000e+00	2.852207e+00	5.307318e-02	5.307318e-02
1.812000e+00	1.824000e+00	2.766046e+00	5.694476e-02	5.694476e-02
1.824000e+00	1.836000e+00	2.791091e+00	6.322487e-02	6.322487e-02
1.836000e+00	1.848000e+00	2.772622e+00	6.026454e-02	6.026454e-02
1.848000e+00	1.860000e+00	2.803904e+00	6.450182e-02	6.450182e-02
1.860000e+00	1.872000e+00	2.746931e+00	6.511246e-02	6.511246e-02
1.872000e+00	1.884000e+00	2.766462e+00	5.810315e-02	5.810315e-02
1.884000e+00	1.896000e+00	2.665628e+00	6.471930e-02	6.471930e-02
1.896000e+00	1.908000e+00	2.822052e+00	7.312694e-02	7.312694e-02
1.908000e+00	1.920000e+00	2.733491e+00	7.177078e-02	7.177078e-02
1.920000e+00	1.932000e+00	2.788439e+00	6.796548e-02	6.796548e-02
1.932000e+00	1.944000e+00	2.634179e+00	7.509926e-02	7.509926e-02
1.944000e+00	1.956000e+00	2.844063e+00	7.924617e-02	7.924617e-02
1.956000e+00	1.968000e+00	2.917187e+00	8.625471e-02	8.625471e-02
1.968000e+00	1.980000e+00	2.764620e+00	7.380985e-02	7.380985e-02
1.980000e+00	1.992000e+00	2.825225e+00	8.581068e-02	8.581068e-02
1.992000e+00	2.004000e+00	2.862676e+00	8.976916e-02	8.976916e-02
2.004000e+00	2.016000e+00	2.844358e+00	1.082799e-01	1.082799e-01
2.016000e+00	2.028000e+00	2.733060e+00	9.126274e-02	9.126274e-02
2.028000e+00	2.040000e+00	2.737745e+00	1.055769e-01	1.055769e-01
2.040000e+00	2.052000e+00	2.835509e+00	1.091371e-01	1.091371e-01
2.052000e+00	2.064000e+00	2.800578e+00	1.180402e-01	1.180402e-01
2.064000e+00	2.076000e+00	2.900552e+00	1.152044e-01	1.152044e-01
2.076000e+00	2.088000e+00	2.659164e+00	1.268723e-01	1.268723e-01
2.088000e+00	2.100000e+00	2.921136e+00	1.142271e-01	1.142271e-01
2.100000e+00	2.112000e+00	2.857143e+00	1.335117e-01	1.335117e-01
2.112000e+00	2.124000e+00	2.671875e+00	1.224268e-01	1.224268e-01
2.124000e+00	2.136000e+00	2.747664e+00	1.540962e-01	1.540962e-01
2.136000e+00	2.148000e+00	2.885000e+00	1.671784e-01	1.671784e-01
2.148000e+00	2.160000e+00	2.572917e+00	1.378614e-01	1.378614e-01
2.160000e+00	2.172000e+00	2.687179e+00	1.547484e-01	1.547484e-01
2.172000e+00	2.184000e+00	2.843023e+00	1.507903e-01	1.507903e-01
2.184000e+00	2.196000e+00	2.754839e+00	1.635749e-01	1.635749e-01
2.196000e+00	2.208000e+00	2.610390e+00	1.395154e-01	1.395154e-01
2.208000e+00	2.220000e+00	2.511450e+00	1.680136e-01	1.680136e-01
2.220000e+00	2.232000e+00	2.828571e+00	1.621866e-01	1.621866e-01
2.232000e+00	2.244000e+00	2.856115e+00	1.819624e-01	1.819624e-01
2.244000e+00	2.256000e+00	2.282609e+00	2.273290e-01	2.273290e-01
2.256000e+00	2.268000e+00	2.615385e+00	1.756816e-01	1.756816e-01
2.268000e+00	2.280000e+00	2.812500e+00	2.465546e-01	2.465546e-01
2.280000e+00	2.292000e+00	2.766990e+00	2.217061e-01	2.217061e-01
2.292000e+00	2.304000e+00	2.838710e+00	2.742169e-01	2.742169e-01
2.304000e+00	2.316000e+00	2.620690e+00	2.050169e-01	2.050169e-01
2.316000e+00	2.328000e+00	2.800000e+00	3.351364e-01	3.351364e-01
2.328000e+00	2.340000e+00	2.264706e+00	2.613681e-01	2.613681e-01
2.340000e+00	2.352000e+00	2.647059e+00	2.454664e-01	2.454664e-01
2.352000e+00	2.364000e+00	2.612903e+00	3.019020e-01	3.019020e-01
2.364000e+00	2.376000e+00	2.654545e+00	2.437338e-01	2.437338e-01
2.376000e+00	2.388000e+00	2.682927e+00	3.112505e-01	3.112505e-01
2.388000e+00	2.400000e+00	2.771429e+00	3.204139e-01	3.204139e-01
2.400000e+00	2.412000e+00	2.500000e+00	2.658753e-01	2.658753e-01
2.412000e+00	2.424000e+00	2.687500e+00	3.547986e-01	3.547986e-01
2.424000e+00	2.436000e+00	2.750000e+00	4.139698e-01	4.139698e-01
2.436000e+00	2.448000e+00	2.538462e+00	2.999014e-01	2.999014e-01
2.448000e+00	2.460000e+00	2.000000e+00	4.039281e-01	4.039281e-01
2.460000e+00	2.472000e+00	2.565217e+00	3.710155e-01	3.710155e-01
2.472000e+00	2.484000e+00	2.608696e+00	4.389132e-01	4.389132e-01
2.484000e+00	2.496000e+00	2.550000e+00	3.515005e-01	3.515005e-01
2.496000e+00	2.508000e+00	2.894737e+00	3.324087e-01	3.324087e-01
2.508000e+00	2.520000e+00	3.500000e+00	7.745967e-01	7.745967e-01
2.520000e+00	2.532000e+00	2.722222e+00	4.837595e-01	4.837595e-01
2.532000e+00	2.544000e+00	2.666667e+00	4.974683e-01	4.974683e-01
2.544000e+00	2.556000e+00	2.125000e+00	2.950484e-01	2.950484e-01
2.556000e+00	2.568000e+00	2.888889e+00	5.879447e-01	5.879447e-01
2.568000e+00	2.580000e+00	2.533333e+00	5.925463e-01	5.925463e-01
2.580000e+00	2.592000e+00	2.375000e+00	5.324304e-01	5.324304e-01
2.592000e+00	2.604000e+00	2.250000e+00	5.900968e-01	5.900968e-01
2.604000e+00	2.616000e+00	2.857143e+00	5.947617e-01	5.947617e-01
2.616000e+00	2.628000e+00	2.600000e+00	9.273618e-01	9.273618e-01
2.628000e+00	2.640000e+00	2.428571e+00	6.494372e-01	6.494372e-01
2.640000e+00	2.652000e+00	2.500000e+00	1.554563e+00	1.554563e+00
2.652000e+00	2.664000e+00	4.500000e+00	1.258306e+00	1.258306e+00
2.664000e+00	2.676000e+00	1.857143e+00	3.400680e-01	3.400680e-01
2.676000e+00	2.688000e+00	2.500000e+00	2.886751e-01	2.886751e-01
2.688000e+00	2.700000e+00	1.000000e+00	1.000000e+00	1.000000e+00
2.700000e+00	2.712000e+00	1.600000e+00	4.760952e-01	4.760952e-01
2.712000e+00	2.724000e+00	6.000000e+00	nan	nan
2.724000e+00	2.736000e+00	nan	nan	nan
2.736000e+00	2.748000e+00	2.000000e+00	1.000000e+00	1.000000e+00
2.748000e+00	2.760000e+00	4.000000e+00	nan	nan
2.760000e+00	2.772000e+00	8.000000e-01	3.741657e-01	3.741657e-01
2.772000e+00	2.784000e+00	4.000000e+00	0.000000e+00	0.000000e+00
2.784000e+00	2.796000e+00	1.666667e+00	3.333333e-01	3.333333e-01
2.796000e+00	2.808000e+00	2.000000e+00	0.000000e+00	0.000000e+00
2.808000e+00	2.820000e+00	3.333333e+00	1.201850e+00	1.201850e+00
2.820000e+00	2.832000e+00	4.000000e+00	nan	nan
2.832000e+00	2.844000e+00	5.250000e+00	1.108678e+00	1.108678e+00
2.844000e+00	2.856000e+00	2.000000e+00	8.366600e-01	8.366600e-01
2.856000e+00	2.868000e+00	3.142857e+00	7.377111e-01	7.377111e-01
2.868000e+00	2.880000e+00	nan	nan	nan
2.880000e+00	2.892000e+00	3.500000e+00	1.500000e+00	1.500000e+00
2.892000e+00	2.904000e+00	nan	nan	nan
2.904000e+00	2.916000e+00	1.000000e+00	nan	nan
2.916000e+00	2.928000e+00	5.000000e+00	nan	nan
2.928000e+00	2.940000e+00	3.000000e+00	nan	nan
2.940000e+00	2.952000e+00	4.000000e+00	1.000000e+00	1.000000e+00
2.952000e+00	2.964000e+00	3.000000e+00	nan	nan
2.964000e+00	2.976000e+00	nan	nan	nan
2.976000e+00	2.988000e+00	nan	nan	nan
2.988000e+00	3.000000e+00	1.000000e+00	nan	nan