xlow	xhigh	val	errminus	errplus
0.000000e+00	1.200000e-02	1.535065e+01	4.082900e-01	4.082900e-01
1.200000e-02	2.400000e-02	1.618137e+01	2.425500e-01	2.425500e-01
2.400000e-02	3.600000e-02	1.641645e+01	1.833175e-01	1.833175e-01
3.600000e-02	4.800000e-02	1.624681e+01	1.734991e-01	1.734991e-01
4.800000e-02	6.000000e-02	1.616993e+01	1.561912e-01	1.561912e-01
6.000000e-02	7.200000e-02	1.604162e+01	1.304712e-01	1.304712e-01
7.200000e-02	8.400000e-02	1.604048e+01	1.219561e-01	1.219561e-01
8.400000e-02	9.600000e-02	1.600091e+01	1.097281e-01	1.097281e-01
9.600000e-02	1.080000e-01	1.603713e+01	1.081000e-01	1.081000e-01
1.080000e-01	1.200000e-01	1.590054e+01	1.002289e-01	1.002289e-01
1.200000e-01	1.320000e-01	1.577076e+01	9.469641e-02	9.469641e-02
1.320000e-01	1.440000e-01	1.566748e+01	8.763411e-02	8.763411e-02
1.440000e-01	1.560000e-01	1.577935e+01	8.608242e-02	8.608242e-02
1.560000e-01	1.680000e-01	1.552174e+01	8.106194e-02	8.106194e-02
1.680000e-01	1.800000e-01	1.527295e+01	7.933811e-02	7.933811e-02
1.800000e-01	1.920000e-01	1.521854e+01	7.869794e-02	7.869794e-02
1.920000e-01	2.040000e-01	1.516317e+01	7.355885e-02	7.355885e-02
2.040000e-01	2.160000e-01	1.491462e+01	7.137291e-02	7.137291e-02
2.160000e-01	2.280000e-01	1.488914e+01	6.866617e-02	6.866617e-02
2.280000e-01	2.400000e-01	1.470485e+01	6.654149e-02	6.654149e-02
2.400000e-01	2.520000e-01	1.460624e+01	6.395774e-02	6.395774e-02
2.520000e-01	2.640000e-01	1.447270e+01	6.464000e-02	6.464000e-02
2.640000e-01	2.760000e-01	1.436077e+01	6.105214e-02	6.105214e-02
2.760000e-01	2.880000e-01	1.421103e+01	6.032403e-02	6.032403e-02
2.880000e-01	3.000000e-01	1.405091e+01	5.891636e-02	5.891636e-02
3.000000e-01	3.120000e-01	1.387206e+01	5.703046e-02	5.703046e-02
3.120000e-01	3.240000e-01	1.371243e+01	5.646745e-02	5.646745e-02
3.240000e-01	3.360000e-01	1.341098e+01	5.384813e-02	5.384813e-02
3.360000e-01	3.480000e-01	1.330271e+01	5.191141e-02	5.191141e-02
3.480000e-01	3.600000e-01	1.318741e+01	5.060949e-02	5.060949e-02
3.600000e-01	3.720000e-01	1.296132e+01	4.974285e-02	4.974285e-02
3.720000e-01	3.840000e-01	1.279030e+01	4.886897e-02	4.886897e-02
3.840000e-01	3.960000e-01	1.253109e+01	4.808528e-02	4.808528e-02
3.960000e-01	4.080000e-01	1.237766e+01	4.626752e-02	4.626752e-02
4.080000e-01	4.200000e-01	1.223187e+01	4.656777e-02	4.656777e-02
4.200000e-01	4.320000e-01	1.198309e+01	4.569507e-02	4.569507e-02
4.320000e-01	4.440000e-01	1.177101e+01	4.375594e-02	4.375594e-02
4.440000e-01	4.560000e-01	1.154374e+01	4.243456e-02	4.243456e-02
4.560000e-01	4.680000e-01	1.133516e+01	4.142198e-02	4.142198e-02
4.680000e-01	4.800000e-01	1.114509e+01	4.101887e-02	4.101887e-02
4.800000e-01	4.920000e-01	1.095224e+01	4.024788e-02	4.024788e-02
4.920000e-01	5.040000e-01	1.076094e+01	3.843691e-02	3.843691e-02
5.040000e-01	5.160000e-01	1.049414e+01	3.851764e-02	3.851764e-02
5.160000e-01	5.280000e-01	1.033005e+01	3.744202e-02	3.744202e-02
5.280000e-01	5.400000e-01	1.015959e+01	3.626917e-02	3.626917e-02
5.400000e-01	5.520000e-01	9.889632e+00	3.612698e-02	3.612698e-02
5.520000e-01	5.640000e-01	9.692002e+00	3.531155e-02	3.531155e-02
5.640000e-01	5.760000e-01	9.541741e+00	3.498836e-02	3.498836e-02
5.760000e-01	5.880000e-01	9.314743e+00	3.404382e-02	3.404382e-02
5.880000e-01	6.000000e-01	9.100278e+00	3.326723e-02	3.326723e-02
6.000000e-01	6.120000e-01	8.796450e+00	3.229903e-02	3.229903e-02
6.120000e-01	6.240000e-01	8.658753e+00	3.189266e-02	3.189266e-02
6.240000e-01	6.360000e-01	8.441266e+00	3.067772e-02	3.067772e-02
6.360000e-01	6.480000e-01	8.207723e+00	2.996388e-02	2.996388e-02
6.480000e-01	6.600000e-01	7.979408e+00	2.924141e-02	2.924141e-02
6.600000e-01	6.720000e-01	7.867058e+00	2.922750e-02	2.922750e-02
6.720000e-01	6.840000e-01	7.621767e+00	2.841936e-02	2.841936e-02
6.840000e-01	6.960000e-01	7.399976e+00	2.791506e-02	2.791506e-02
6.960000e-01	7.080000e-01	7.180854e+00	2.740539e-02	2.740539e-02
7.080000e-01	7.200000e-01	7.018262e+00	2.663505e-02	2.663505e-02
7.200000e-01	7.320000e-01	6.871081e+00	2.620432e-02	2.620432e-02
7.320000e-01	7.440000e-01	6.641820e+00	2.585609e-02	2.585609e-02
7.440000e-01	7.560000e-01	6.440227e+00	2.496228e-02	2.496228e-02
7.560000e-01	7.680000e-01	6.228924e+00	2.443897e-02	2.443897e-02
7.680000e-01	7.800000e-01	6.089616e+00	2.392219e-02	2.392219e-02
7.800000e-01	7.920000e-01	5.897271e+00	2.370598e-02	2.370598e-02
7.920000e-01	8.040000e-01	5.685660e+00	2.308642e-02	2.308642e-02
8.040000e-01	8.160000e-01	5.513375e+00	2.249145e-02	2.249145e-02
8.160000e-01	8.280000e-01	5.332567e+00	2.191937e-02	2.191937e-02
8.280000e-01	8.400000e-01	5.214016e+00	2.149891e-02	2.149891e-02
8.400000e-01	8.520000e-01	4.992430e+00	2.053573e-02	2.053573e-02
8.520000e-01	8.640000e-01	4.893239e+00	2.057426e-02	2.057426e-02
8.640000e-01	8.760000e-01	4.688104e+00	1.996469e-02	1.996469e-02
8.760000e-01	8.880000e-01	4.533841e+00	1.953607e-02	1.953607e-02
8.880000e-01	9.000000e-01	4.367161e+00	1.893870e-02	1.893870e-02
9.000000e-01	9.120000e-01	4.272416e+00	1.859286e-02	1.859286e-02
9.120000e-01	9.240000e-01	4.058101e+00	1.806213e-02	1.806213e-02
9.240000e-01	9.360000e-01	3.971330e+00	1.733437e-02	1.733437e-02
9.360000e-01	9.480000e-01	3.810670e+00	1.697775e-02	1.697775e-02
9.480000e-01	9.600000e-01	3.716830e+00	1.677827e-02	1.677827e-02
9.600000e-01	9.720000e-01	3.542598e+00	1.609399e-02	1.609399e-02
9.720000e-01	9.840000e-01	3.438038e+00	1.577343e-02	1.577343e-02
9.840000e-01	9.960000e-01	3.301422e+00	1.528743e-02	1.528743e-02
9.960000e-01	1.008000e+00	3.224440e+00	1.515047e-02	1.515047e-02
1.008000e+00	1.020000e+00	3.119923e+00	1.464165e-02	1.464165e-02
1.020000e+00	1.032000e+00	2.998859e+00	1.418138e-02	1.418138e-02
1.032000e+00	1.044000e+00	2.885128e+00	1.379804e-02	1.379804e-02
1.044000e+00	1.056000e+00	2.782639e+00	1.337138e-02	1.337138e-02
1.056000e+00	1.068000e+00	2.722189e+00	1.320468e-02	1.320468e-02
1.068000e+00	1.080000e+00	2.613421e+00	1.288824e-02	1.288824e-02
1.080000e+00	1.092000e+00	2.542092e+00	1.260125e-02	1.260125e-02
1.092000e+00	1.104000e+00	2.443007e+00	1.186072e-02	1.186072e-02
1.104000e+00	1.116000e+00	2.374611e+00	1.163546e-02	1.163546e-02
1.116000e+00	1.128000e+00	2.289117e+00	1.135178e-02	1.135178e-02
1.128000e+00	1.140000e+00	2.216792e+00	1.097789e-02	1.097789e-02
1.140000e+00	1.152000e+00	2.155397e+00	1.080789e-02	1.080789e-02
1.152000e+00	1.164000e+00	2.080624e+00	1.047621e-02	1.047621e-02
1.164000e+00	1.176000e+00	2.025042e+00	1.028109e-02	1.028109e-02
1.176000e+00	1.188000e+00	1.981044e+00	9.873239e-03	9.873239e-03
1.188000e+00	1.200000e+00	1.926637e+00	9.750143e-03	9.750143e-03
1.200000e+00	1.212000e+00	1.868683e+00	9.498205e-03	9.498205e-03
1.212000e+00	1.224000e+00	1.806821e+00	9.205434e-03	9.205434e-03
1.224000e+00	1.236000e+00	1.770879e+00	9.234579e-03	9.234579e-03
1.236000e+00	1.248000e+00	1.727014e+00	8.813779e-03	8.813779e-03
1.248000e+00	1.260000e+00	1.689109e+00	8.664884e-03	8.664884e-03
1.260000e+00	1.272000e+00	1.650953e+00	8.378744e-03	8.378744e-03
1.272000e+00	1.284000e+00	1.614589e+00	8.328776e-03	8.328776e-03
1.284000e+00	1.296000e+00	1.581586e+00	8.225067e-03	8.225067e-03
1.296000e+00	1.308000e+00	1.543895e+00	7.906330e-03	7.906330e-03
1.308000e+00	1.320000e+00	1.504602e+00	7.560288e-03	7.560288e-03
1.320000e+00	1.332000e+00	1.468832e+00	7.550045e-03	7.550045e-03
1.332000e+00	1.344000e+00	1.448191e+00	7.372277e-03	7.372277e-03
1.344000e+00	1.356000e+00	1.431531e+00	7.389752e-03	7.389752e-03
1.356000e+00	1.368000e+00	1.403865e+00	7.262375e-03	7.262375e-03
1.368000e+00	1.380000e+00	1.395173e+00	7.239449e-03	7.239449e-03
1.380000e+00	1.392000e+00	1.368577e+00	6.970902e-03	6.970902e-03
1.392000e+00	1.404000e+00	1.342808e+00	7.010954e-03	7.010954e-03
1.404000e+00	1.416000e+00	1.321146e+00	6.855270e-03	6.855270e-03
1.416000e+00	1.428000e+00	1.291985e+00	6.567007e-03	6.567007e-03
1.428000e+00	1.440000e+00	1.283944e+00	6.654164e-03	6.654164e-03
1.440000e+00	1.452000e+00	1.251665e+00	6.250017e-03	6.250017e-03
1.452000e+00	1.464000e+00	1.246963e+00	6.391654e-03	6.391654e-03
1.464000e+00	1.476000e+00	1.243482e+00	6.332046e-03	6.332046e-03
1.476000e+00	1.488000e+00	1.213747e+00	6.028872e-03	6.028872e-03
1.488000e+00	1.500000e+00	1.215221e+00	6.273770e-03	6.273770e-03
1.500000e+00	1.512000e+00	1.187351e+00	5.959810e-03	5.959810e-03
1.512000e+00	1.524000e+00	1.173150e+00	5.808841e-03	5.808841e-03
1.524000e+00	1.536000e+00	1.169693e+00	5.934917e-03	5.934917e-03
1.536000e+00	1.548000e+00	1.162418e+00	5.958138e-03	5.958138e-03
1.548000e+00	1.560000e+00	1.144116e+00	5.813120e-03	5.813120e-03
1.560000e+00	1.572000e+00	1.149478e+00	5.844016e-03	5.844016e-03
1.572000e+00	1.584000e+00	1.125116e+00	5.493574e-03	5.493574e-03
1.584000e+00	1.596000e+00	1.110273e+00	5.283897e-03	5.283897e-03
1.596000e+00	1.608000e+00	1.119387e+00	5.693336e-03	5.693336e-03
1.608000e+00	1.620000e+00	1.103429e+00	5.372607e-03	5.372607e-03
1.620000e+00	1.632000e+00	1.099343e+00	5.457868e-03	5.457868e-03
1.632000e+00	1.644000e+00	1.109036e+00	5.876533e-03	5.876533e-03
1.644000e+00	1.656000e+00	1.092652e+00	5.526571e-03	5.526571e-03
1.656000e+00	1.668000e+00	1.075681e+00	4.989552e-03	4.989552e-03
1.668000e+00	1.680000e+00	1.075193e+00	5.139911e-03	5.139911e-03
1.680000e+00	1.692000e+00	1.066541e+00	5.133410e-03	5.133410e-03
1.692000e+00	1.704000e+00	1.073875e+00	5.357624e-03	5.357624e-03
1.704000e+00	1.716000e+00	1.054560e+00	4.796020e-03	4.796020e-03
1.716000e+00	1.728000e+00	1.061739e+00	5.204610e-03	5.204610e-03
1.728000e+00	1.740000e+00	1.056153e+00	5.196501e-03	5.196501e-03
1.740000e+00	1.752000e+00	1.046867e+00	4.898650e-03	4.898650e-03
1.752000e+00	1.764000e+00	1.050463e+00	5.021681e-03	5.021681e-03
1.764000e+00	1.776000e+00	1.049832e+00	5.270734e-03	5.270734e-03
1.776000e+00	1.788000e+00	1.048477e+00	5.498376e-03	5.498376e-03
1.788000e+00	1.800000e+00	1.043087e+00	5.462817e-03	5.462817e-03
1.800000e+00	1.812000e+00	1.040947e+00	5.014081e-03	5.014081e-03
1.812000e+00	1.824000e+00	1.031746e+00	4.607391e-03	4.607391e-03
1.824000e+00	1.836000e+00	1.033794e+00	5.126247e-03	5.126247e-03
1.836000e+00	1.848000e+00	1.027842e+00	4.577086e-03	4.577086e-03
1.848000e+00	1.860000e+00	1.028394e+00	4.949815e-03	4.949815e-03
1.860000e+00	1.872000e+00	1.025496e+00	5.026799e-03	5.026799e-03
1.872000e+00	1.884000e+00	1.024583e+00	4.590301e-03	4.590301e-03
1.884000e+00	1.896000e+00	1.012461e+00	3.576573e-03	3.576573e-03
1.896000e+00	1.908000e+00	1.015284e+00	4.055657e-03	4.055657e-03
1.908000e+00	1.920000e+00	1.016509e+00	4.378340e-03	4.378340e-03
1.920000e+00	1.932000e+00	1.018497e+00	4.583960e-03	4.583960e-03
1.932000e+00	1.944000e+00	1.006676e+00	2.977411e-03	2.977411e-03
1.944000e+00	1.956000e+00	1.014306e+00	4.494742e-03	4.494742e-03
1.956000e+00	1.968000e+00	1.026563e+00	6.734622e-03	6.734622e-03
1.968000e+00	1.980000e+00	1.016082e+00	4.813239e-03	4.813239e-03
1.980000e+00	1.992000e+00	1.012613e+00	4.741234e-03	4.741234e-03
1.992000e+00	2.004000e+00	1.017606e+00	5.523028e-03	5.523028e-03
2.004000e+00	2.016000e+00	1.011673e+00	4.742263e-03	4.742263e-03
2.016000e+00	2.028000e+00	1.006160e+00	3.549247e-03	3.549247e-03
2.028000e+00	2.040000e+00	1.007353e+00	4.234779e-03	4.234779e-03
2.040000e+00	2.052000e+00	1.002611e+00	2.610966e-03	2.610966e-03
2.052000e+00	2.064000e+00	1.008671e+00	4.991396e-03	4.991396e-03
2.064000e+00	2.076000e+00	1.011050e+00	5.501857e-03	5.501857e-03
2.076000e+00	2.088000e+00	1.000000e+00	0.000000e+00	0.000000e+00
2.088000e+00	2.100000e+00	1.006309e+00	4.454177e-03	4.454177e-03
2.100000e+00	2.112000e+00	1.010453e+00	6.013882e-03	6.013882e-03
2.112000e+00	2.124000e+00	1.007812e+00	5.513429e-03	5.513429e-03
2.124000e+00	2.136000e+00	1.004673e+00	4.672897e-03	4.672897e-03
2.136000e+00	2.148000e+00	1.000000e+00	0.000000e+00	0.000000e+00
2.148000e+00	2.160000e+00	1.000000e+00	0.000000e+00	0.000000e+00
2.160000e+00	2.172000e+00	1.000000e+00	0.000000e+00	0.000000e+00
2.172000e+00	2.184000e+00	1.000000e+00	0.000000e+00	0.000000e+00
2.184000e+00	2.196000e+00	1.000000e+00	0.000000e+00	0.000000e+00
2.196000e+00	2.208000e+00	1.012987e+00	9.153145e-03	9.153145e-03
2.208000e+00	2.220000e+00	1.000000e+00	0.000000e+00	0.000000e+00
2.220000e+00	2.232000e+00	1.000000e+00	0.000000e+00	0.000000e+00
2.232000e+00	2.244000e+00	1.000000e+00	0.000000e+00	0.000000e+00
2.244000e+00	2.256000e+00	1.000000e+00	0.000000e+00	0.000000e+00
2.256000e+00	2.268000e+00	1.000000e+00	0.000000e+00	0.000000e+00
2.268000e+00	2.280000e+00	1.000000e+00	0.000000e+00	0.000000e+00
2.280000e+00	2.292000e+00	1.000000e+00	0.000000e+00	0.000000e+00
2.292000e+00	2.304000e+00	1.000000e+00	0.000000e+00	0.000000e+00
2.304000e+00	2.316000e+00	1.000000e+00	0.000000e+00	0.000000e+00
2.316000e+00	2.328000e+00	1.000000e+00	0.000000e+00	0.000000e+00
2.328000e+00	2.340000e+00	1.000000e+00	0.000000e+00	0.000000e+00
2.340000e+00	2.352000e+00	1.000000e+00	0.000000e+00	0.000000e+00
2.352000e+00	2.364000e+00	1.000000e+00	0.000000e+00	0.000000e+00
2.364000e+00	2.376000e+00	1.000000e+00	0.000000e+00	0.000000e+00
2.376000e+00	2.388000e+00	1.000000e+00	0.000000e+00	0.000000e+00
2.388000e+00	2.400000e+00	1.000000e+00	0.000000e+00	0.000000e+00
2.400000e+00	2.412000e+00	1.000000e+00	0.000000e+00	0.000000e+00
2.412000e+00	2.424000e+00	1.000000e+00	0.000000e+00	0.000000e+00
2.424000e+00	2.436000e+00	1.000000e+00	0.000000e+00	0.000000e+00
2.436000e+00	2.448000e+00	1.000000e+00	0.000000e+00	0.000000e+00
2.448000e+00	2.460000e+00	1.000000e+00	0.000000e+00	0.000000e+00
2.460000e+00	2.472000e+00	1.000000e+00	0.000000e+00	0.000000e+00
2.472000e+00	2.484000e+00	1.000000e+00	0.000000e+00	0.000000e+00
2.484000e+00	2.496000e+00	1.000000e+00	0.000000e+00	0.000000e+00
2.496000e+00	2.508000e+00	1.000000e+00	0.000000e+00	0.000000e+00
2.508000e+00	2.520000e+00	1.000000e+00	0.000000e+00	0.000000e+00
2.520000e+00	2.532000e+00	1.000000e+00	0.000000e+00	0.000000e+00
2.532000e+00	2.544000e+00	1.000000e+00	0.000000e+00	0.000000e+00
2.544000e+00	2.556000e+00	1.000000e+00	0.000000e+00	0.000000e+00
2.556000e+00	2.568000e+00	1.000000e+00	0.000000e+00	0.000000e+00
2.568000e+00	2.580000e+00	1.000000e+00	0.000000e+00	0.000000e+00
2.580000e+00	2.592000e+00	1.000000e+00	0.000000e+00	0.000000e+00
2.592000e+00	2.604000e+00	1.000000e+00	0.000000e+00	0.000000e+00
2.604000e+00	2.616000e+00	1.000000e+00	0.000000e+00	0.000000e+00
2.616000e+00	2.628000e+00	1.000000e+00	0.000000e+00	0.000000e+00
2.628000e+00	2.640000e+00	1.000000e+00	0.000000e+00	0.000000e+00
2.640000e+00	2.652000e+00	1.000000e+00	0.000000e+00	0.000000e+00
2.652000e+00	2.664000e+00	1.000000e+00	0.000000e+00	0.000000e+00
2.664000e+00	2.676000e+00	1.000000e+00	0.000000e+00	0.000000e+00
2.676000e+00	2.688000e+00	1.000000e+00	0.000000e+00	0.000000e+00
2.688000e+00	2.700000e+00	1.000000e+00	0.000000e+00	0.000000e+00
2.700000e+00	2.712000e+00	1.000000e+00	0.000000e+00	0.000000e+00
2.712000e+00	2.724000e+00	1.000000e+00	nan	nan
2.724000e+00	2.736000e+00	nan	nan	nan
2.736000e+00	2.748000e+00	1.000000e+00	0.000000e+00	0.000000e+00
2.748000e+00	2.760000e+00	1.000000e+00	nan	nan
2.760000e+00	2.772000e+00	1.000000e+00	0.000000e+00	0.000000e+00
2.772000e+00	2.784000e+00	1.000000e+00	0.000000e+00	0.000000e+00
2.784000e+00	2.796000e+00	1.000000e+00	0.000000e+00	0.000000e+00
2.796000e+00	2.808000e+00	1.000000e+00	0.000000e+00	0.000000e+00
2.808000e+00	2.820000e+00	1.000000e+00	0.000000e+00	0.000000e+00
2.820000e+00	2.832000e+00	1.000000e+00	nan	nan
2.832000e+00	2.844000e+00	1.000000e+00	0.000000e+00	0.000000e+00
2.844000e+00	2.856000e+00	1.000000e+00	0.000000e+00	0.000000e+00
2.856000e+00	2.868000e+00	1.000000e+00	0.000000e+00	0.000000e+00
2.868000e+00	2.880000e+00	nan	nan	nan
2.880000e+00	2.892000e+00	1.000000e+00	0.000000e+00	0.000000e+00
2.892000e+00	2.904000e+00	nan	nan	nan
2.904000e+00	2.916000e+00	1.000000e+00	nan	nan
2.916000e+00	2.928000e+00	1.000000e+00	nan	nan
2.928000e+00	2.940000e+00	1.000000e+00	nan	nan
2.940000e+00	2.952000e+00	1.000000e+00	0.000000e+00	0.000000e+00
2.952000e+00	2.964000e+00	1.000000e+00	nan	nan
2.964000e+00	2.976000e+00	nan	nan	nan
2.976000e+00	2.988000e+00	nan	nan	nan
2.988000e+00	3.000000e+00	1.000000e+00	nan	nan